24
23
22
21
21
22
25
26
27
26
25
23
22
21
21
22
23
24
24
24
24
23
22
20
20
21
23
25
25
25
24
23
22
21
20
25
26
26
25
23
21
21
23
24
24
23
21
20
20
22
24
24
23
21
20
20
23
24
25
23
22
19
19
24
26
27
26
24
23
21
25
27
26
24
22
20
20
23
24
24
23
21
20
19
22
24
24
23
22
21
20
23
24
25
24
22
21
20
23
25
25
24
22
20
20
25
26
26
25
23
21
21
27
27
28
27
24
22
22
27
27
28
26
25
24
22
22
22
23
26
26
27
28
26
24
23
21
21
22
23
24
25
25
25
23
22
21
21
22
24
25
26
26
25
24
23
22
21
26
26
26
24
23
21
20
22
23
24
23
21
20
20
22
24
24
23
21
20
19
23
25
25
24
22
20
20
24
27
27
26
25
25
22
26
27
25
24
22
20
20
23
24
24
23
21
20
19
22
24
24
23
22
21
20
23
24
25
24
22
21
20
23
25
25
24
22
20
20
25
26
26
25
23
21
21
27
27
28
27
24
22
22
27
27
28
24
25
26
27
27
26
25
25
24
24
23
23
23
22
21
21
21
21
22
24
25
26
27
27
27
27
26
25
24
23
23
22
22
22
21
21
21
21
21
22
23
24
24
24
24
23
22
22
22
21
20
20
21
22
23
24
24
24
24
25
25
25
25
24
24
23
22
22
21
20
20
20
20
21
22
22
22
23
23
23
23
23
23
23
22
22
21
21
21
20
19
19
20
21
22
23
23
22
22
22
23
23
23
22
22
22
21
21
